# Created by Octave 2.9.9, Fri May 18 10:54:09 2007 CDT <danbgood@babs.cs.ttu.edu>
# name: mu
# type: matrix
# rows: 1
# columns: 10
 46.1998291046523 49.44400700925969 53.10662207844251 55.89844812957093 50.08465789043073 110.3168902817236 101.4608364893507 104.7716355946209 110.222908307426 116.616305689458
