# Created by Octave 2.9.9, Fri May 18 10:54:45 2007 CDT <danbgood@babs.cs.ttu.edu>
# name: p
# type: matrix
# rows: 1
# columns: 10
 0.1115073249793997 0.1649194625422462 0.1117693299525498 0.181077508034884 0.0799193759828519 0.06636645226121507 0.085321730303173 0.08257891577603368 0.08450140966816022 0.03203849049948641
