# Created by Octave 2.9.9, Fri May 18 10:54:28 2007 CDT <danbgood@babs.cs.ttu.edu>
# name: v
# type: matrix
# rows: 1
# columns: 10
 0.9293705926362583 3.403975237563245 3.917571083147548 2.200464229824173 4.370669902708539 7.18240926668101 1.750799676653873 3.639847520369003 7.26765638619986 0.2536282260869909
