# Created by Octave 2.9.9, Fri May 18 10:53:33 2007 CDT <danbgood@babs.cs.ttu.edu>
# name: mask
# type: matrix
# ndims: 3
 1 17 1
 4
 4
 2
 3
 3
 2
 2
 1
 4
 2
 9
 7
 9
 1
 10
 8
 7
